STRENGTH  PARA  CONS  RATE  CT  RT  ART  FAVOURABLE
2  0.4  0.00  0.234375  0.980  0.880  0.900  ['CT', 'RT', 'ART']
2  0.4  0.00  0.359375  1.000  0.980  0.980  ['CT', 'RT', 'ART']
2  0.4  0.25  0.3125  0.940  0.980  1.000  ['CT', 'RT', 'ART']
2  0.4  0.25  0.4791666666666667  1.000  0.980  1.000  ['CT', 'RT', 'ART']
2  0.4  0.50  0.625  1.000  1.000  1.000  ['CT', 'RT', 'ART']
2  0.4  0.50  0.9583333333333334  1.000  1.000  1.000  ['CT', 'RT', 'ART']
2  0.4  0.75  0.625  1.000  1.000  1.000  ['CT', 'RT', 'ART']
2  0.4  0.75  0.9583333333333334  1.000  1.000  1.000  ['CT', 'RT', 'ART']
2  0.4  1.00  0.625  1.000  1.000  1.000  ['CT', 'RT', 'ART']
2  0.4  1.00  0.9583333333333334  1.000  1.000  1.000  ['CT', 'RT', 'ART']
2  0.6  0.00  0.015625  0.140  0.120  0.100  ['CT', 'RT', 'ART']
2  0.6  0.00  0.044921875  0.300  0.400  0.420  ['CT', 'RT', 'ART']
2  0.6  0.00  0.076171875  0.480  0.480  0.580  ['CT', 'RT', 'ART']
2  0.6  0.00  0.091796875  0.580  0.560  0.680  ['CT', 'RT', 'ART']
2  0.6  0.25  0.038461538461538464  0.200  0.100  0.160  ['CT', 'RT', 'ART']
2  0.6  0.25  0.11057692307692307  0.200  0.560  0.360  ['RT', 'ART']
2  0.6  0.25  0.1875  1.000  0.900  0.940  ['CT', 'RT', 'ART']
2  0.6  0.25  0.22596153846153846  1.000  0.920  0.960  ['CT', 'RT', 'ART']
2  0.6  0.50  0.0625  0.660  0.360  0.440  ['CT', 'ART']
2  0.6  0.50  0.1796875  0.420  0.800  0.780  ['RT', 'ART']
2  0.6  0.50  0.3046875  1.000  0.980  1.000  ['CT', 'RT', 'ART']
2  0.6  0.50  0.3671875  1.000  0.980  1.000  ['CT', 'RT', 'ART']
2  0.6  0.75  0.08333333333333333  0.860  0.320  0.740  ['CT', 'ART']
2  0.6  0.75  0.23958333333333334  1.000  0.920  0.920  ['CT', 'RT', 'ART']
2  0.6  0.75  0.40625  1.000  1.000  1.000  ['CT', 'RT', 'ART']
2  0.6  0.75  0.4895833333333333  1.000  1.000  1.000  ['CT', 'RT', 'ART']
2  0.6  1.00  0.16666666666666666  1.000  0.580  0.980  ['CT', 'ART']
2  0.6  1.00  0.4791666666666667  1.000  1.000  1.000  ['CT', 'RT', 'ART']
2  0.6  1.00  0.8125  1.000  1.000  1.000  ['CT', 'RT', 'ART']
2  0.6  1.00  0.9791666666666666  1.000  1.000  1.000  ['CT', 'RT', 'ART']
2  0.8  0.00  0.001953125  0.060  0.040  0.000  ['CT', 'RT', 'ART']
2  0.8  0.00  0.011474609375  0.060  0.000  0.100  ['CT', 'RT', 'ART']
2  0.8  0.00  0.015380859375  0.100  0.080  0.120  ['CT', 'RT', 'ART']
2  0.8  0.00  0.017333984375  0.140  0.080  0.120  ['CT', 'RT', 'ART']
2  0.8  0.25  0.007462686567164179  0.300  0.140  0.020  ['CT', 'RT']
2  0.8  0.25  0.043843283582089554  0.040  0.100  0.200  ['RT', 'ART']
2  0.8  0.25  0.058768656716417914  1.000  0.800  0.860  ['CT', 'ART']
2  0.8  0.25  0.06623134328358209  1.000  0.800  0.880  ['CT', 'ART']
2  0.8  0.50  0.021739130434782608  0.700  0.420  0.580  ['CT', 'ART']
2  0.8  0.50  0.12771739130434784  0.480  0.440  0.380  ['CT', 'RT', 'ART']
2  0.8  0.50  0.17119565217391305  1.000  1.000  1.000  ['CT', 'RT', 'ART']
2  0.8  0.50  0.19293478260869565  1.000  1.000  1.000  ['CT', 'RT', 'ART']
2  0.8  0.75  0.045454545454545456  0.800  0.660  0.740  ['CT', 'RT', 'ART']
2  0.8  0.75  0.26704545454545453  1.000  0.840  1.000  ['CT', 'ART']
2  0.8  0.75  0.35795454545454547  1.000  1.000  1.000  ['CT', 'RT', 'ART']
2  0.8  0.75  0.4034090909090909  1.000  1.000  1.000  ['CT', 'RT', 'ART']
2  0.8  1.00  0.1111111111111111  1.000  0.780  1.000  ['CT', 'ART']
2  0.8  1.00  0.6527777777777778  1.000  1.000  1.000  ['CT', 'RT', 'ART']
2  0.8  1.00  0.875  1.000  1.000  1.000  ['CT', 'RT', 'ART']
2  0.8  1.00  0.9861111111111112  1.000  1.000  1.000  ['CT', 'RT', 'ART']
2  1.0  0.00  0.0006510416666666666  0.000  0.000  0.020  ['CT', 'RT', 'ART']
2  1.0  0.00  0.004475911458333333  0.040  0.020  0.060  ['CT', 'RT', 'ART']
2  1.0  0.00  0.005777994791666667  0.040  0.020  0.080  ['CT', 'RT', 'ART']
2  1.0  0.00  0.006429036458333333  0.040  0.020  0.080  ['CT', 'RT', 'ART']
2  1.0  0.25  0.0033333333333333335  0.240  0.160  0.180  ['CT', 'RT', 'ART']
2  1.0  0.25  0.022916666666666665  0.040  0.080  0.060  ['CT', 'RT', 'ART']
2  1.0  0.25  0.029583333333333333  0.800  0.580  0.500  ['CT', 'RT']
2  1.0  0.25  0.032916666666666664  0.800  0.580  0.500  ['CT', 'RT']
2  1.0  0.50  0.010416666666666666  0.400  0.220  0.320  ['CT', 'RT', 'ART']
2  1.0  0.50  0.07161458333333333  0.660  0.460  0.480  ['CT', 'RT', 'ART']
2  1.0  0.50  0.09244791666666667  0.900  0.880  0.860  ['CT', 'RT', 'ART']
2  1.0  0.50  0.10286458333333333  0.960  0.900  0.920  ['CT', 'RT', 'ART']
2  1.0  0.75  0.018518518518518517  0.340  0.240  0.480  ['CT', 'ART']
2  1.0  0.75  0.12731481481481483  0.980  0.960  0.900  ['CT', 'RT', 'ART']
2  1.0  0.75  0.16435185185185186  1.000  1.000  1.000  ['CT', 'RT', 'ART']
2  1.0  0.75  0.18287037037037038  1.000  1.000  1.000  ['CT', 'RT', 'ART']
2  1.0  1.00  0.10062893081761007  1.000  0.820  1.000  ['CT', 'ART']
2  1.0  1.00  0.6918238993710691  1.000  1.000  1.000  ['CT', 'RT', 'ART']
2  1.0  1.00  0.8930817610062893  1.000  1.000  1.000  ['CT', 'RT', 'ART']
2  1.0  1.00  0.9937106918238994  1.000  1.000  1.000  ['CT', 'RT', 'ART']
3  0.4  0.00  0.234375  1.000  1.000  1.000  ['CT', 'RT', 'ART']
3  0.4  0.00  0.359375  1.000  1.000  1.000  ['CT', 'RT', 'ART']
3  0.4  0.25  0.3125  1.000  1.000  1.000  ['CT', 'RT', 'ART']
3  0.4  0.25  0.4791666666666667  1.000  1.000  1.000  ['CT', 'RT', 'ART']
3  0.4  0.50  0.625  1.000  1.000  1.000  ['CT', 'RT', 'ART']
3  0.4  0.50  0.9583333333333334  1.000  1.000  1.000  ['CT', 'RT', 'ART']
3  0.4  0.75  0.625  1.000  1.000  1.000  ['CT', 'RT', 'ART']
3  0.4  0.75  0.9583333333333334  1.000  1.000  1.000  ['CT', 'RT', 'ART']
3  0.4  1.00  0.625  1.000  1.000  1.000  ['CT', 'RT', 'ART']
3  0.4  1.00  0.9583333333333334  1.000  1.000  1.000  ['CT', 'RT', 'ART']
3  0.6  0.00  0.015625  0.280  0.200  0.300  ['CT', 'RT', 'ART']
3  0.6  0.00  0.044921875  0.660  0.520  0.380  ['CT', 'RT']
3  0.6  0.00  0.076171875  0.820  0.660  0.820  ['CT', 'RT', 'ART']
3  0.6  0.00  0.091796875  0.980  0.740  0.860  ['CT', 'ART']
3  0.6  0.25  0.038461538461538464  0.260  0.300  0.400  ['CT', 'RT', 'ART']
3  0.6  0.25  0.11057692307692307  0.680  0.800  0.900  ['RT', 'ART']
3  0.6  0.25  0.1875  1.000  1.000  1.000  ['CT', 'RT', 'ART']
3  0.6  0.25  0.22596153846153846  1.000  1.000  1.000  ['CT', 'RT', 'ART']
3  0.6  0.50  0.0625  1.000  0.680  0.920  ['CT', 'ART']
3  0.6  0.50  0.1796875  1.000  0.960  1.000  ['CT', 'RT', 'ART']
3  0.6  0.50  0.3046875  1.000  1.000  1.000  ['CT', 'RT', 'ART']
3  0.6  0.50  0.3671875  1.000  1.000  1.000  ['CT', 'RT', 'ART']
3  0.6  0.75  0.08333333333333333  1.000  0.780  1.000  ['CT', 'ART']
3  0.6  0.75  0.23958333333333334  1.000  1.000  1.000  ['CT', 'RT', 'ART']
3  0.6  0.75  0.40625  1.000  1.000  1.000  ['CT', 'RT', 'ART']
3  0.6  0.75  0.4895833333333333  1.000  1.000  1.000  ['CT', 'RT', 'ART']
3  0.6  1.00  0.16666666666666666  1.000  0.940  1.000  ['CT', 'RT', 'ART']
3  0.6  1.00  0.4791666666666667  1.000  1.000  1.000  ['CT', 'RT', 'ART']
3  0.6  1.00  0.8125  1.000  1.000  1.000  ['CT', 'RT', 'ART']
3  0.6  1.00  0.9791666666666666  1.000  1.000  1.000  ['CT', 'RT', 'ART']
3  0.8  0.00  0.001953125  0.080  0.020  0.040  ['CT', 'RT', 'ART']
3  0.8  0.00  0.011474609375  0.180  0.100  0.220  ['CT', 'RT', 'ART']
3  0.8  0.00  0.015380859375  0.240  0.160  0.320  ['CT', 'RT', 'ART']
3  0.8  0.00  0.017333984375  0.320  0.180  0.380  ['CT', 'RT', 'ART']
3  0.8  0.25  0.007462686567164179  0.740  0.260  0.440  ['CT']
3  0.8  0.25  0.043843283582089554  0.160  0.220  0.520  ['ART']
3  0.8  0.25  0.058768656716417914  1.000  0.960  1.000  ['CT', 'RT', 'ART']
3  0.8  0.25  0.06623134328358209  1.000  0.960  1.000  ['CT', 'RT', 'ART']
3  0.8  0.50  0.021739130434782608  1.000  0.800  0.960  ['CT', 'ART']
3  0.8  0.50  0.12771739130434784  0.780  0.600  0.940  ['CT', 'ART']
3  0.8  0.50  0.17119565217391305  1.000  1.000  1.000  ['CT', 'RT', 'ART']
3  0.8  0.50  0.19293478260869565  1.000  1.000  1.000  ['CT', 'RT', 'ART']
3  0.8  0.75  0.045454545454545456  1.000  0.860  1.000  ['CT', 'ART']
3  0.8  0.75  0.26704545454545453  1.000  1.000  1.000  ['CT', 'RT', 'ART']
3  0.8  0.75  0.35795454545454547  1.000  1.000  1.000  ['CT', 'RT', 'ART']
3  0.8  0.75  0.4034090909090909  1.000  1.000  1.000  ['CT', 'RT', 'ART']
3  0.8  1.00  0.1111111111111111  1.000  0.980  1.000  ['CT', 'RT', 'ART']
3  0.8  1.00  0.6527777777777778  1.000  1.000  1.000  ['CT', 'RT', 'ART']
3  0.8  1.00  0.875  1.000  1.000  1.000  ['CT', 'RT', 'ART']
3  0.8  1.00  0.9861111111111112  1.000  1.000  1.000  ['CT', 'RT', 'ART']
3  1.0  0.00  0.0006510416666666666  0.020  0.000  0.020  ['CT', 'RT', 'ART']
3  1.0  0.00  0.004475911458333333  0.160  0.100  0.120  ['CT', 'RT', 'ART']
3  1.0  0.00  0.005777994791666667  0.200  0.100  0.180  ['CT', 'RT', 'ART']
3  1.0  0.00  0.006429036458333333  0.200  0.120  0.200  ['CT', 'RT', 'ART']
3  1.0  0.25  0.0033333333333333335  0.460  0.260  0.320  ['CT', 'RT', 'ART']
3  1.0  0.25  0.022916666666666665  0.040  0.280  0.180  ['RT', 'ART']
3  1.0  0.25  0.029583333333333333  1.000  1.000  0.860  ['CT', 'RT']
3  1.0  0.25  0.032916666666666664  1.000  1.000  0.880  ['CT', 'RT']
3  1.0  0.50  0.010416666666666666  0.780  0.560  0.820  ['CT', 'ART']
3  1.0  0.50  0.07161458333333333  0.940  0.600  0.880  ['CT', 'ART']
3  1.0  0.50  0.09244791666666667  1.000  0.960  1.000  ['CT', 'RT', 'ART']
3  1.0  0.50  0.10286458333333333  1.000  1.000  1.000  ['CT', 'RT', 'ART']
3  1.0  0.75  0.018518518518518517  0.780  0.720  0.760  ['CT', 'RT', 'ART']
3  1.0  0.75  0.12731481481481483  1.000  0.980  1.000  ['CT', 'RT', 'ART']
3  1.0  0.75  0.16435185185185186  1.000  1.000  1.000  ['CT', 'RT', 'ART']
3  1.0  0.75  0.18287037037037038  1.000  1.000  1.000  ['CT', 'RT', 'ART']
3  1.0  1.00  0.10062893081761007  1.000  1.000  1.000  ['CT', 'RT', 'ART']
3  1.0  1.00  0.6918238993710691  1.000  1.000  1.000  ['CT', 'RT', 'ART']
3  1.0  1.00  0.8930817610062893  1.000  1.000  1.000  ['CT', 'RT', 'ART']
3  1.0  1.00  0.9937106918238994  1.000  1.000  1.000  ['CT', 'RT', 'ART']
4  0.4  0.00  0.234375  1.000  1.000  1.000  ['CT', 'RT', 'ART']
4  0.4  0.00  0.359375  1.000  1.000  1.000  ['CT', 'RT', 'ART']
4  0.4  0.25  0.3125  1.000  1.000  1.000  ['CT', 'RT', 'ART']
4  0.4  0.25  0.4791666666666667  1.000  1.000  1.000  ['CT', 'RT', 'ART']
4  0.4  0.50  0.625  1.000  1.000  1.000  ['CT', 'RT', 'ART']
4  0.4  0.50  0.9583333333333334  1.000  1.000  1.000  ['CT', 'RT', 'ART']
4  0.4  0.75  0.625  1.000  1.000  1.000  ['CT', 'RT', 'ART']
4  0.4  0.75  0.9583333333333334  1.000  1.000  1.000  ['CT', 'RT', 'ART']
4  0.4  1.00  0.625  1.000  1.000  1.000  ['CT', 'RT', 'ART']
4  0.4  1.00  0.9583333333333334  1.000  1.000  1.000  ['CT', 'RT', 'ART']
4  0.6  0.00  0.015625  0.440  0.340  0.460  ['CT', 'RT', 'ART']
4  0.6  0.00  0.044921875  0.960  0.820  0.920  ['CT', 'RT', 'ART']
4  0.6  0.00  0.076171875  1.000  0.960  0.980  ['CT', 'RT', 'ART']
4  0.6  0.00  0.091796875  1.000  0.980  1.000  ['CT', 'RT', 'ART']
4  0.6  0.25  0.038461538461538464  0.800  0.500  0.860  ['CT', 'ART']
4  0.6  0.25  0.11057692307692307  0.980  1.000  1.000  ['CT', 'RT', 'ART']
4  0.6  0.25  0.1875  1.000  1.000  1.000  ['CT', 'RT', 'ART']
4  0.6  0.25  0.22596153846153846  1.000  1.000  1.000  ['CT', 'RT', 'ART']
4  0.6  0.50  0.0625  1.000  0.880  0.980  ['CT', 'ART']
4  0.6  0.50  0.1796875  1.000  1.000  1.000  ['CT', 'RT', 'ART']
4  0.6  0.50  0.3046875  1.000  1.000  1.000  ['CT', 'RT', 'ART']
4  0.6  0.50  0.3671875  1.000  1.000  1.000  ['CT', 'RT', 'ART']
4  0.6  0.75  0.08333333333333333  1.000  0.860  1.000  ['CT', 'ART']
4  0.6  0.75  0.23958333333333334  1.000  1.000  1.000  ['CT', 'RT', 'ART']
4  0.6  0.75  0.40625  1.000  1.000  1.000  ['CT', 'RT', 'ART']
4  0.6  0.75  0.4895833333333333  1.000  1.000  1.000  ['CT', 'RT', 'ART']
4  0.6  1.00  0.16666666666666666  1.000  0.940  1.000  ['CT', 'RT', 'ART']
4  0.6  1.00  0.4791666666666667  1.000  1.000  1.000  ['CT', 'RT', 'ART']
4  0.6  1.00  0.8125  1.000  1.000  1.000  ['CT', 'RT', 'ART']
4  0.6  1.00  0.9791666666666666  1.000  1.000  1.000  ['CT', 'RT', 'ART']
4  0.8  0.00  0.001953125  0.040  0.120  0.060  ['CT', 'RT', 'ART']
4  0.8  0.00  0.011474609375  0.560  0.420  0.440  ['CT', 'RT', 'ART']
4  0.8  0.00  0.015380859375  0.640  0.500  0.560  ['CT', 'RT', 'ART']
4  0.8  0.00  0.017333984375  0.660  0.540  0.560  ['CT', 'RT', 'ART']
4  0.8  0.25  0.007462686567164179  1.000  0.640  0.680  ['CT']
4  0.8  0.25  0.043843283582089554  0.320  0.540  0.880  ['ART']
4  0.8  0.25  0.058768656716417914  1.000  1.000  1.000  ['CT', 'RT', 'ART']
4  0.8  0.25  0.06623134328358209  1.000  1.000  1.000  ['CT', 'RT', 'ART']
4  0.8  0.50  0.021739130434782608  1.000  1.000  1.000  ['CT', 'RT', 'ART']
4  0.8  0.50  0.12771739130434784  1.000  0.860  1.000  ['CT', 'ART']
4  0.8  0.50  0.17119565217391305  1.000  1.000  1.000  ['CT', 'RT', 'ART']
4  0.8  0.50  0.19293478260869565  1.000  1.000  1.000  ['CT', 'RT', 'ART']
4  0.8  0.75  0.045454545454545456  1.000  0.980  1.000  ['CT', 'RT', 'ART']
4  0.8  0.75  0.26704545454545453  1.000  1.000  1.000  ['CT', 'RT', 'ART']
4  0.8  0.75  0.35795454545454547  1.000  1.000  1.000  ['CT', 'RT', 'ART']
4  0.8  0.75  0.4034090909090909  1.000  1.000  1.000  ['CT', 'RT', 'ART']
4  0.8  1.00  0.1111111111111111  1.000  1.000  1.000  ['CT', 'RT', 'ART']
4  0.8  1.00  0.6527777777777778  1.000  1.000  1.000  ['CT', 'RT', 'ART']
4  0.8  1.00  0.875  1.000  1.000  1.000  ['CT', 'RT', 'ART']
4  0.8  1.00  0.9861111111111112  1.000  1.000  1.000  ['CT', 'RT', 'ART']
4  1.0  0.00  0.0006510416666666666  0.060  0.060  0.080  ['CT', 'RT', 'ART']
4  1.0  0.00  0.004475911458333333  0.280  0.260  0.260  ['CT', 'RT', 'ART']
4  1.0  0.00  0.005777994791666667  0.280  0.340  0.380  ['CT', 'RT', 'ART']
4  1.0  0.00  0.006429036458333333  0.320  0.380  0.500  ['CT', 'RT', 'ART']
4  1.0  0.25  0.0033333333333333335  0.940  0.700  0.500  ['CT']
4  1.0  0.25  0.022916666666666665  0.100  0.600  0.740  ['RT', 'ART']
4  1.0  0.25  0.029583333333333333  1.000  1.000  1.000  ['CT', 'RT', 'ART']
4  1.0  0.25  0.032916666666666664  1.000  1.000  1.000  ['CT', 'RT', 'ART']
4  1.0  0.50  0.010416666666666666  1.000  0.840  0.960  ['CT', 'ART']
4  1.0  0.50  0.07161458333333333  1.000  1.000  1.000  ['CT', 'RT', 'ART']
4  1.0  0.50  0.09244791666666667  1.000  1.000  1.000  ['CT', 'RT', 'ART']
4  1.0  0.50  0.10286458333333333  1.000  1.000  1.000  ['CT', 'RT', 'ART']
4  1.0  0.75  0.018518518518518517  0.980  0.860  1.000  ['CT', 'ART']
4  1.0  0.75  0.12731481481481483  1.000  1.000  1.000  ['CT', 'RT', 'ART']
4  1.0  0.75  0.16435185185185186  1.000  1.000  1.000  ['CT', 'RT', 'ART']
4  1.0  0.75  0.18287037037037038  1.000  1.000  1.000  ['CT', 'RT', 'ART']
4  1.0  1.00  0.10062893081761007  1.000  1.000  1.000  ['CT', 'RT', 'ART']
4  1.0  1.00  0.6918238993710691  1.000  1.000  1.000  ['CT', 'RT', 'ART']
4  1.0  1.00  0.8930817610062893  1.000  1.000  1.000  ['CT', 'RT', 'ART']
4  1.0  1.00  0.9937106918238994  1.000  1.000  1.000  ['CT', 'RT', 'ART']
